 0.          0.08714871  0.17429741  0.26144612  0.34859483  0.43574354
  0.52289224  0.61004095  0.69718966  0.78433837  0.87148707  0.95863578
  1.04578449  1.1329332   1.2200819   1.30723061  1.39437932  1.48152803
  1.56867673  1.65582544  1.74297415  1.83012286  1.91727156  2.00442027
  2.09156898  2.17871769  2.26586639  2.3530151   2.44016381  2.52731252
  2.61446122  2.70160993  2.78875864  2.87590735  2.96305605  3.05020476
  3.13735347  3.22450218  3.31165088  3.39879959  3.4859483   3.57309701
  3.66024571  3.74739442  3.83454313  3.92169184  4.00884054  4.09598925
  4.18313796  4.27028667  4.35743537  4.44458408  4.53173279  4.6188815
  4.7060302   4.79317891  4.88032762  4.96747633  5.05462503  5.14177374
  5.22892245  5.31607116  5.40321986  5.49036857  5.57751728  5.66466599
  5.75181469  5.8389634   5.92611211  6.01326082  6.10040952  6.18755823
  6.27470694  6.36185565  6.44900435  6.53615306  6.62330177  6.71045048
  6.79759918  6.88474789  6.9718966   7.05904531  7.14619401  7.23334272
  7.32049143  7.40764014  7.49478884  7.58193755  7.66908626  7.75623497
  7.84338367  7.93053238  8.01768109  8.1048298   8.1919785   8.27912721
  8.36627592  8.45342463  8.54057333  8.62772204  8.71487075  8.80201946
  8.88916816  8.97631687  9.06346558  9.15061428  9.23776299  9.3249117
  9.41206041  9.49920911  9.58635782  9.67350653  9.76065524  9.84780394
  9.93495265 10.02210136 10.10925007 10.19639877 10.28354748 10.37069619
 10.4578449  10.5449936  10.63214231 10.71929102 10.80643973 10.89358843
 10.98073714 11.06788585 11.15503456 11.24218326 11.32933197 11.41648068
 11.50362939 11.59077809 11.6779268  11.76507551 11.85222422 11.93937292
 12.02652163 12.11367034 12.20081905 12.28796775 12.37511646 12.46226517
 12.54941388 12.63656258 12.72371129 12.81086    12.89800871 12.98515741
 13.07230612 13.15945483 13.24660354 13.33375224 13.42090095 13.50804966
 13.59519837 13.68234707 13.76949578 13.85664449 13.9437932  14.0309419
 14.11809061 14.20523932 14.29238803 14.37953673 14.46668544 14.55383415
 14.64098286 14.72813156 14.81528027 14.90242898 14.98957769 15.07672639
 15.1638751  15.25102381 15.33817252 15.42532122 15.51246993 15.59961864
 15.68676735 15.77391605 15.86106476 15.94821347 16.03536218 16.12251088
 16.20965959 16.2968083  16.38395701 16.47110571 16.55825442 16.64540313
 16.73255184 16.81970054 16.90684925 16.99399796 17.08114667 17.16829537
 17.25544408 17.34259279 17.4297415  17.5168902  17.60403891 17.69118762
 17.77833633 17.86548503 17.95263374 18.03978245 18.12693115 18.21407986
 18.30122857 18.38837728 18.47552598 18.56267469 18.6498234  18.73697211
 18.82412081 18.91126952 18.99841823 19.08556694 19.17271564 19.25986435
 19.34701306 19.43416177 19.52131047 19.60845918 19.69560789 19.7827566
 19.8699053  19.95705401 20.04420272 20.13135143 20.21850013 20.30564884
 20.39279755 20.47994626 20.56709496 20.65424367 20.74139238 20.82854109
 20.91568979 21.0028385  21.08998721 21.17713592 21.26428462 21.35143333
 21.43858204 21.52573075 21.61287945 21.70002816 21.78717687 21.87432558
 21.96147428 22.04862299 22.1357717  22.22292041 22.31006911 22.39721782
 22.48436653 22.57151524 22.65866394 22.74581265 22.83296136 22.92011007
 23.00725877 23.09440748 23.18155619 23.2687049  23.3558536  23.44300231
 23.53015102 23.61729973 23.70444843 23.79159714 23.87874585 23.96589456
 24.05304326 24.14019197 24.22734068 24.31448939 24.40163809 24.4887868
 24.57593551 24.66308422 24.75023292 24.83738163 24.92453034 25.01167905
 25.09882775 25.18597646 25.27312517 25.36027388 25.44742258 25.53457129
 25.62172    25.70886871 25.79601741 25.88316612 25.97031483 26.05746354
 26.14461224 26.23176095 26.31890966 26.40605837 26.49320707 26.58035578
 26.66750449 26.7546532  26.8418019  26.92895061 27.01609932 27.10324802
 27.19039673 27.27754544 27.36469415 27.45184285 27.53899156 27.62614027
 27.71328898 27.80043768 27.88758639 27.9747351  28.06188381 28.14903251
 28.23618122 28.32332993 28.41047864 28.49762734 28.58477605 28.67192476
 28.75907347 28.84622217 28.93337088 29.02051959 29.1076683  29.194817
 29.28196571 29.36911442 29.45626313 29.54341183 29.63056054 29.71770925
 29.80485796 29.89200666 29.97915537 30.06630408 30.15345279 30.24060149
 30.3277502  30.41489891 30.50204762 30.58919632 30.67634503 30.76349374
 30.85064245 30.93779115 31.02493986 31.11208857 31.19923728 31.28638598
 31.37353469 31.4606834  31.54783211 31.63498081 31.72212952 31.80927823
 31.89642694 31.98357564 32.07072435 32.15787306 32.24502177 32.33217047
 32.41931918 32.50646789 32.5936166  32.6807653  32.76791401 32.85506272
 32.94221143 33.02936013 33.11650884 33.20365755 33.29080626 33.37795496
 33.46510367 33.55225238 33.63940109 33.72654979 33.8136985  33.90084721
 33.98799592 34.07514462 34.16229333 34.24944204 34.33659075 34.42373945
 34.51088816 34.59803687 34.68518558 34.77233428 34.85948299 34.9466317
 35.03378041 35.12092911 35.20807782 35.29522653 35.38237524 35.46952394
 35.55667265 35.64382136 35.73097007 35.81811877 35.90526748 35.99241619
 36.07956489 36.1667136  36.25386231 36.34101102 36.42815972 36.51530843
 36.60245714 36.68960585 36.77675455 36.86390326 36.95105197 37.03820068
 37.12534938 37.21249809 37.2996468  37.38679551 37.47394421 37.56109292
 37.64824163 37.73539034 37.82253904 37.90968775 37.99683646 38.08398517
 38.17113387 38.25828258 38.34543129 38.43258    38.5197287  38.60687741
 38.69402612 38.78117483 38.86832353 38.95547224 39.04262095 39.12976966
 39.21691836 39.30406707 39.39121578 39.47836449 39.56551319 39.6526619
 39.73981061 39.82695932 39.91410802 40.00125673 40.08840544 40.17555415
 40.26270285 40.34985156 40.43700027 40.52414898 40.61129768 40.69844639
 40.7855951  40.87274381 40.95989251 41.04704122 41.13418993 41.22133864
 41.30848734 41.39563605 41.48278476 41.56993347 41.65708217 41.74423088
 41.83137959 41.9185283  42.005677   42.09282571 42.17997442 42.26712313
 42.35427183 42.44142054 42.52856925 42.61571796 42.70286666 42.79001537
 42.87716408 42.96431279 43.05146149 43.1386102  43.22575891 43.31290762
 43.40005632 43.48720503 43.48720503 43.40005632 43.31290762 43.22575891
 43.1386102  43.05146149 42.96431279 42.87716408 42.79001537 42.70286666
 42.61571796 42.52856925 42.44142054 42.35427183 42.26712313 42.17997442
 42.09282571 42.005677   41.9185283  41.83137959 41.74423088 41.65708217
 41.56993347 41.48278476 41.39563605 41.30848734 41.22133864 41.13418993
 41.04704122 40.95989251 40.87274381 40.7855951  40.69844639 40.61129768
 40.52414898 40.43700027 40.34985156 40.26270285 40.17555415 40.08840544
 40.00125673 39.91410802 39.82695932 39.73981061 39.6526619  39.56551319
 39.47836449 39.39121578 39.30406707 39.21691836 39.12976966 39.04262095
 38.95547224 38.86832353 38.78117483 38.69402612 38.60687741 38.5197287
 38.43258    38.34543129 38.25828258 38.17113387 38.08398517 37.99683646
 37.90968775 37.82253904 37.73539034 37.64824163 37.56109292 37.47394421
 37.38679551 37.2996468  37.21249809 37.12534938 37.03820068 36.95105197
 36.86390326 36.77675455 36.68960585 36.60245714 36.51530843 36.42815972
 36.34101102 36.25386231 36.1667136  36.07956489 35.99241619 35.90526748
 35.81811877 35.73097007 35.64382136 35.55667265 35.46952394 35.38237524
 35.29522653 35.20807782 35.12092911 35.03378041 34.9466317  34.85948299
 34.77233428 34.68518558 34.59803687 34.51088816 34.42373945 34.33659075
 34.24944204 34.16229333 34.07514462 33.98799592 33.90084721 33.8136985
 33.72654979 33.63940109 33.55225238 33.46510367 33.37795496 33.29080626
 33.20365755 33.11650884 33.02936013 32.94221143 32.85506272 32.76791401
 32.6807653  32.5936166  32.50646789 32.41931918 32.33217047 32.24502177
 32.15787306 32.07072435 31.98357564 31.89642694 31.80927823 31.72212952
 31.63498081 31.54783211 31.4606834  31.37353469 31.28638598 31.19923728
 31.11208857 31.02493986 30.93779115 30.85064245 30.76349374 30.67634503
 30.58919632 30.50204762 30.41489891 30.3277502  30.24060149 30.15345279
 30.06630408 29.97915537 29.89200666 29.80485796 29.71770925 29.63056054
 29.54341183 29.45626313 29.36911442 29.28196571 29.194817   29.1076683
 29.02051959 28.93337088 28.84622217 28.75907347 28.67192476 28.58477605
 28.49762734 28.41047864 28.32332993 28.23618122 28.14903251 28.06188381
 27.9747351  27.88758639 27.80043768 27.71328898 27.62614027 27.53899156
 27.45184285 27.36469415 27.27754544 27.19039673 27.10324802 27.01609932
 26.92895061 26.8418019  26.7546532  26.66750449 26.58035578 26.49320707
 26.40605837 26.31890966 26.23176095 26.14461224 26.05746354 25.97031483
 25.88316612 25.79601741 25.70886871 25.62172    25.53457129 25.44742258
 25.36027388 25.27312517 25.18597646 25.09882775 25.01167905 24.92453034
 24.83738163 24.75023292 24.66308422 24.57593551 24.4887868  24.40163809
 24.31448939 24.22734068 24.14019197 24.05304326 23.96589456 23.87874585
 23.79159714 23.70444843 23.61729973 23.53015102 23.44300231 23.3558536
 23.2687049  23.18155619 23.09440748 23.00725877 22.92011007 22.83296136
 22.74581265 22.65866394 22.57151524 22.48436653 22.39721782 22.31006911
 22.22292041 22.1357717  22.04862299 21.96147428 21.87432558 21.78717687
 21.70002816 21.61287945 21.52573075 21.43858204 21.35143333 21.26428462
 21.17713592 21.08998721 21.0028385  20.91568979 20.82854109 20.74139238
 20.65424367 20.56709496 20.47994626 20.39279755 20.30564884 20.21850013
 20.13135143 20.04420272 19.95705401 19.8699053  19.7827566  19.69560789
 19.60845918 19.52131047 19.43416177 19.34701306 19.25986435 19.17271564
 19.08556694 18.99841823 18.91126952 18.82412081 18.73697211 18.6498234
 18.56267469 18.47552598 18.38837728 18.30122857 18.21407986 18.12693115
 18.03978245 17.95263374 17.86548503 17.77833633 17.69118762 17.60403891
 17.5168902  17.4297415  17.34259279 17.25544408 17.16829537 17.08114667
 16.99399796 16.90684925 16.81970054 16.73255184 16.64540313 16.55825442
 16.47110571 16.38395701 16.2968083  16.20965959 16.12251088 16.03536218
 15.94821347 15.86106476 15.77391605 15.68676735 15.59961864 15.51246993
 15.42532122 15.33817252 15.25102381 15.1638751  15.07672639 14.98957769
 14.90242898 14.81528027 14.72813156 14.64098286 14.55383415 14.46668544
 14.37953673 14.29238803 14.20523932 14.11809061 14.0309419  13.9437932
 13.85664449 13.76949578 13.68234707 13.59519837 13.50804966 13.42090095
 13.33375224 13.24660354 13.15945483 13.07230612 12.98515741 12.89800871
 12.81086    12.72371129 12.63656258 12.54941388 12.46226517 12.37511646
 12.28796775 12.20081905 12.11367034 12.02652163 11.93937292 11.85222422
 11.76507551 11.6779268  11.59077809 11.50362939 11.41648068 11.32933197
 11.24218326 11.15503456 11.06788585 10.98073714 10.89358843 10.80643973
 10.71929102 10.63214231 10.5449936  10.4578449  10.37069619 10.28354748
 10.19639877 10.10925007 10.02210136  9.93495265  9.84780394  9.76065524
  9.67350653  9.58635782  9.49920911  9.41206041  9.3249117   9.23776299
  9.15061428  9.06346558  8.97631687  8.88916816  8.80201946  8.71487075
  8.62772204  8.54057333  8.45342463  8.36627592  8.27912721  8.1919785
  8.1048298   8.01768109  7.93053238  7.84338367  7.75623497  7.66908626
  7.58193755  7.49478884  7.40764014  7.32049143  7.23334272  7.14619401
  7.05904531  6.9718966   6.88474789  6.79759918  6.71045048  6.62330177
  6.53615306  6.44900435  6.36185565  6.27470694  6.18755823  6.10040952
  6.01326082  5.92611211  5.8389634   5.75181469  5.66466599  5.57751728
  5.49036857  5.40321986  5.31607116  5.22892245  5.14177374  5.05462503
  4.96747633  4.88032762  4.79317891  4.7060302   4.6188815   4.53173279
  4.44458408  4.35743537  4.27028667  4.18313796  4.09598925  4.00884054
  3.92169184  3.83454313  3.74739442  3.66024571  3.57309701  3.4859483
  3.39879959  3.31165088  3.22450218  3.13735347  3.05020476  2.96305605
  2.87590735  2.78875864  2.70160993  2.61446122  2.52731252  2.44016381
  2.3530151   2.26586639  2.17871769  2.09156898  2.00442027  1.91727156
  1.83012286  1.74297415  1.65582544  1.56867673  1.48152803  1.39437932
  1.30723061  1.2200819   1.1329332   1.04578449  0.95863578  0.87148707
  0.78433837  0.69718966  0.61004095  0.52289224  0.43574354  0.34859483
  0.26144612  0.17429741  0.08714871  0.