 0.           1.20293505   2.4058701    3.60880516   4.81174021
   6.01467526   7.21761031   8.42054537   9.62348042  10.82641547
  12.02935052  13.23228558  14.43522063  15.63815568  16.84109073
  18.04402579  19.24696084  20.44989589  21.65283094  22.855766
  24.05870105  25.2616361   26.46457115  27.66750621  28.87044126
  30.07337631  31.27631136  32.47924642  33.68218147  34.88511652
  36.08805157  37.29098663  38.49392168  39.69685673  40.89979178
  42.10272684  43.30566189  44.50859694  45.71153199  46.91446705
  48.1174021   49.32033715  50.5232722   51.72620726  52.92914231
  54.13207736  55.33501241  56.53794747  57.74088252  58.94381757
  60.14675262  61.34968768  62.55262273  63.75555778  64.95849283
  66.16142789  67.36436294  68.56729799  69.77023304  70.9731681
  72.17610315  73.3790382   74.58197325  75.78490831  76.98784336
  78.19077841  79.39371346  80.59664852  81.79958357  83.00251862
  84.20545367  85.40838873  86.61132378  87.81425883  89.01719388
  90.22012894  91.42306399  92.62599904  93.82893409  95.03186915
  96.2348042   97.43773925  98.6406743   99.84360936 101.04654441
 102.24947946 103.45241451 104.65534957 105.85828462 107.06121967
 108.26415472 109.46708978 110.67002483 111.87295988 113.07589493
 114.27882999 115.48176504 116.68470009 117.88763514 119.0905702
 120.29350525 121.4964403  122.69937535 123.90231041 125.10524546
 126.30818051 127.51111556 128.71405062 129.91698567 131.11992072
 132.32285577 133.52579083 134.72872588 135.93166093 137.13459598
 138.33753104 139.54046609 140.74340114 141.94633619 143.14927124
 144.3522063  145.55514135 146.7580764  147.96101145 149.16394651
 150.36688156 151.56981661 152.77275166 153.97568672 155.17862177
 156.38155682 157.58449187 158.78742693 159.99036198 161.19329703
 162.39623208 163.59916714 164.80210219 166.00503724 167.20797229
 168.41090735 169.6138424  170.81677745 172.0197125  173.22264756
 174.42558261 175.62851766 176.83145271 178.03438777 179.23732282
 180.44025787 181.64319292 182.84612798 184.04906303 185.25199808
 186.45493313 187.65786819 188.86080324 190.06373829 191.26667334
 192.4696084  193.67254345 194.8754785  196.07841355 197.28134861
 198.48428366 199.68721871 200.89015376 202.09308882 203.29602387
 204.49895892 205.70189397 206.90482903 208.10776408 209.31069913
 210.51363418 211.71656924 212.91950429 214.12243934 215.32537439
 216.52830945 217.7312445  218.93417955 220.1371146  221.34004966
 222.54298471 223.74591976 224.94885481 226.15178987 227.35472492
 228.55765997 229.76059502 230.96353008 232.16646513 233.36940018
 234.57233523 235.77527029 236.97820534 238.18114039 239.38407544
 240.5870105  241.78994555 242.9928806  244.19581565 245.39875071
 246.60168576 247.80462081 249.00755586 250.21049092 251.41342597
 252.61636102 253.81929607 255.02223113 256.22516618 257.42810123
 258.63103628 259.83397134 261.03690639 262.23984144 263.44277649
 264.64571155 265.8486466  267.05158165 268.2545167  269.45745176
 270.66038681 271.86332186 273.06625691 274.26919197 275.47212702
 276.67506207 277.87799712 279.08093218 280.28386723 281.48680228
 282.68973733 283.89267238 285.09560744 286.29854249 287.50147754
 288.70441259 289.90734765 291.1102827  292.31321775 293.5161528
 294.71908786 295.92202291 297.12495796 298.32789301 299.53082807
 300.73376312 301.93669817 303.13963322 304.34256828 305.54550333
 306.74843838 307.95137343 309.15430849 310.35724354 311.56017859
 312.76311364 313.9660487  315.16898375 316.3719188  317.57485385
 318.77778891 319.98072396 321.18365901 322.38659406 323.58952912
 324.79246417 325.99539922 327.19833427 328.40126933 329.60420438
 330.80713943 332.01007448 333.21300954 334.41594459 335.61887964
 336.82181469 338.02474975 339.2276848  340.43061985 341.6335549
 342.83648996 344.03942501 345.24236006 346.44529511 347.64823017
 348.85116522 350.05410027 351.25703532 352.45997038 353.66290543
 354.86584048 356.06877553 357.27171059 358.47464564 359.67758069
 360.88051574 362.0834508  363.28638585 364.4893209  365.69225595
 366.89519101 368.09812606 369.30106111 370.50399616 371.70693122
 372.90986627 374.11280132 375.31573637 376.51867143 377.72160648
 378.92454153 380.12747658 381.33041164 382.53334669 383.73628174
 384.93921679 386.14215185 387.3450869  388.54802195 389.750957
 390.95389206 392.15682711 393.35976216 394.56269721 395.76563227
 396.96856732 398.17150237 399.37443742 400.57737248 401.78030753
 402.98324258 404.18617763 405.38911269 406.59204774 407.79498279
 408.99791784 410.2008529  411.40378795 412.606723   413.80965805
 415.01259311 416.21552816 417.41846321 418.62139826 419.82433331
 421.02726837 422.23020342 423.43313847 424.63607352 425.83900858
 427.04194363 428.24487868 429.44781373 430.65074879 431.85368384
 433.05661889 434.25955394 435.462489   436.66542405 437.8683591
 439.07129415 440.27422921 441.47716426 442.68009931 443.88303436
 445.08596942 446.28890447 447.49183952 448.69477457 449.89770963
 451.10064468 452.30357973 453.50651478 454.70944984 455.91238489
 457.11531994 458.31825499 459.52119005 460.7241251  461.92706015
 463.1299952  464.33293026 465.53586531 466.73880036 467.94173541
 469.14467047 470.34760552 471.55054057 472.75347562 473.95641068
 475.15934573 476.36228078 477.56521583 478.76815089 479.97108594
 481.17402099 482.37695604 483.5798911  484.78282615 485.9857612
 487.18869625 488.39163131 489.59456636 490.79750141 492.00043646
 493.20337152 494.40630657 495.60924162 496.81217667 498.01511173
 499.21804678 500.42098183 501.62391688 502.82685194 504.02978699
 505.23272204 506.43565709 507.63859215 508.8415272  510.04446225
 511.2473973  512.45033236 513.65326741 514.85620246 516.05913751
 517.26207257 518.46500762 519.66794267 520.87087772 522.07381278
 523.27674783 524.47968288 525.68261793 526.88555299 528.08848804
 529.29142309 530.49435814 531.6972932  532.90022825 534.1031633
 535.30609835 536.50903341 537.71196846 538.91490351 540.11783856
 541.32077362 542.52370867 543.72664372 544.92957877 546.13251383
 547.33544888 548.53838393 549.74131898 550.94425404 552.14718909
 553.35012414 554.55305919 555.75599425 556.9589293  558.16186435
 559.3647994  560.56773445 561.77066951 562.97360456 564.17653961
 565.37947466 566.58240972 567.78534477 568.98827982 570.19121487
 571.39414993 572.59708498 573.80002003 575.00295508 576.20589014
 577.40882519 578.61176024 579.81469529 581.01763035 582.2205654
 583.42350045 584.6264355  585.82937056 587.03230561 588.23524066
 589.43817571 590.64111077 591.84404582 593.04698087 594.24991592
 595.45285098 596.65578603 597.85872108 599.06165613 600.26459119
 600.26459119 599.06165613 597.85872108 596.65578603 595.45285098
 594.24991592 593.04698087 591.84404582 590.64111077 589.43817571
 588.23524066 587.03230561 585.82937056 584.6264355  583.42350045
 582.2205654  581.01763035 579.81469529 578.61176024 577.40882519
 576.20589014 575.00295508 573.80002003 572.59708498 571.39414993
 570.19121487 568.98827982 567.78534477 566.58240972 565.37947466
 564.17653961 562.97360456 561.77066951 560.56773445 559.3647994
 558.16186435 556.9589293  555.75599425 554.55305919 553.35012414
 552.14718909 550.94425404 549.74131898 548.53838393 547.33544888
 546.13251383 544.92957877 543.72664372 542.52370867 541.32077362
 540.11783856 538.91490351 537.71196846 536.50903341 535.30609835
 534.1031633  532.90022825 531.6972932  530.49435814 529.29142309
 528.08848804 526.88555299 525.68261793 524.47968288 523.27674783
 522.07381278 520.87087772 519.66794267 518.46500762 517.26207257
 516.05913751 514.85620246 513.65326741 512.45033236 511.2473973
 510.04446225 508.8415272  507.63859215 506.43565709 505.23272204
 504.02978699 502.82685194 501.62391688 500.42098183 499.21804678
 498.01511173 496.81217667 495.60924162 494.40630657 493.20337152
 492.00043646 490.79750141 489.59456636 488.39163131 487.18869625
 485.9857612  484.78282615 483.5798911  482.37695604 481.17402099
 479.97108594 478.76815089 477.56521583 476.36228078 475.15934573
 473.95641068 472.75347562 471.55054057 470.34760552 469.14467047
 467.94173541 466.73880036 465.53586531 464.33293026 463.1299952
 461.92706015 460.7241251  459.52119005 458.31825499 457.11531994
 455.91238489 454.70944984 453.50651478 452.30357973 451.10064468
 449.89770963 448.69477457 447.49183952 446.28890447 445.08596942
 443.88303436 442.68009931 441.47716426 440.27422921 439.07129415
 437.8683591  436.66542405 435.462489   434.25955394 433.05661889
 431.85368384 430.65074879 429.44781373 428.24487868 427.04194363
 425.83900858 424.63607352 423.43313847 422.23020342 421.02726837
 419.82433331 418.62139826 417.41846321 416.21552816 415.01259311
 413.80965805 412.606723   411.40378795 410.2008529  408.99791784
 407.79498279 406.59204774 405.38911269 404.18617763 402.98324258
 401.78030753 400.57737248 399.37443742 398.17150237 396.96856732
 395.76563227 394.56269721 393.35976216 392.15682711 390.95389206
 389.750957   388.54802195 387.3450869  386.14215185 384.93921679
 383.73628174 382.53334669 381.33041164 380.12747658 378.92454153
 377.72160648 376.51867143 375.31573637 374.11280132 372.90986627
 371.70693122 370.50399616 369.30106111 368.09812606 366.89519101
 365.69225595 364.4893209  363.28638585 362.0834508  360.88051574
 359.67758069 358.47464564 357.27171059 356.06877553 354.86584048
 353.66290543 352.45997038 351.25703532 350.05410027 348.85116522
 347.64823017 346.44529511 345.24236006 344.03942501 342.83648996
 341.6335549  340.43061985 339.2276848  338.02474975 336.82181469
 335.61887964 334.41594459 333.21300954 332.01007448 330.80713943
 329.60420438 328.40126933 327.19833427 325.99539922 324.79246417
 323.58952912 322.38659406 321.18365901 319.98072396 318.77778891
 317.57485385 316.3719188  315.16898375 313.9660487  312.76311364
 311.56017859 310.35724354 309.15430849 307.95137343 306.74843838
 305.54550333 304.34256828 303.13963322 301.93669817 300.73376312
 299.53082807 298.32789301 297.12495796 295.92202291 294.71908786
 293.5161528  292.31321775 291.1102827  289.90734765 288.70441259
 287.50147754 286.29854249 285.09560744 283.89267238 282.68973733
 281.48680228 280.28386723 279.08093218 277.87799712 276.67506207
 275.47212702 274.26919197 273.06625691 271.86332186 270.66038681
 269.45745176 268.2545167  267.05158165 265.8486466  264.64571155
 263.44277649 262.23984144 261.03690639 259.83397134 258.63103628
 257.42810123 256.22516618 255.02223113 253.81929607 252.61636102
 251.41342597 250.21049092 249.00755586 247.80462081 246.60168576
 245.39875071 244.19581565 242.9928806  241.78994555 240.5870105
 239.38407544 238.18114039 236.97820534 235.77527029 234.57233523
 233.36940018 232.16646513 230.96353008 229.76059502 228.55765997
 227.35472492 226.15178987 224.94885481 223.74591976 222.54298471
 221.34004966 220.1371146  218.93417955 217.7312445  216.52830945
 215.32537439 214.12243934 212.91950429 211.71656924 210.51363418
 209.31069913 208.10776408 206.90482903 205.70189397 204.49895892
 203.29602387 202.09308882 200.89015376 199.68721871 198.48428366
 197.28134861 196.07841355 194.8754785  193.67254345 192.4696084
 191.26667334 190.06373829 188.86080324 187.65786819 186.45493313
 185.25199808 184.04906303 182.84612798 181.64319292 180.44025787
 179.23732282 178.03438777 176.83145271 175.62851766 174.42558261
 173.22264756 172.0197125  170.81677745 169.6138424  168.41090735
 167.20797229 166.00503724 164.80210219 163.59916714 162.39623208
 161.19329703 159.99036198 158.78742693 157.58449187 156.38155682
 155.17862177 153.97568672 152.77275166 151.56981661 150.36688156
 149.16394651 147.96101145 146.7580764  145.55514135 144.3522063
 143.14927124 141.94633619 140.74340114 139.54046609 138.33753104
 137.13459598 135.93166093 134.72872588 133.52579083 132.32285577
 131.11992072 129.91698567 128.71405062 127.51111556 126.30818051
 125.10524546 123.90231041 122.69937535 121.4964403  120.29350525
 119.0905702  117.88763514 116.68470009 115.48176504 114.27882999
 113.07589493 111.87295988 110.67002483 109.46708978 108.26415472
 107.06121967 105.85828462 104.65534957 103.45241451 102.24947946
 101.04654441  99.84360936  98.6406743   97.43773925  96.2348042
  95.03186915  93.82893409  92.62599904  91.42306399  90.22012894
  89.01719388  87.81425883  86.61132378  85.40838873  84.20545367
  83.00251862  81.79958357  80.59664852  79.39371346  78.19077841
  76.98784336  75.78490831  74.58197325  73.3790382   72.17610315
  70.9731681   69.77023304  68.56729799  67.36436294  66.16142789
  64.95849283  63.75555778  62.55262273  61.34968768  60.14675262
  58.94381757  57.74088252  56.53794747  55.33501241  54.13207736
  52.92914231  51.72620726  50.5232722   49.32033715  48.1174021
  46.91446705  45.71153199  44.50859694  43.30566189  42.10272684
  40.89979178  39.69685673  38.49392168  37.29098663  36.08805157
  34.88511652  33.68218147  32.47924642  31.27631136  30.07337631
  28.87044126  27.66750621  26.46457115  25.2616361   24.05870105
  22.855766    21.65283094  20.44989589  19.24696084  18.04402579
  16.84109073  15.63815568  14.43522063  13.23228558  12.02935052
  10.82641547   9.62348042   8.42054537   7.21761031   6.01467526
   4.81174021   3.60880516   2.4058701    1.20293505   0.